Cliente         Codigo do Produto    Quantidade      Data de venda        Valor Pago     
123             123                  1               25/06/2023           50.00          
1               55                   1               20/05/2023           30.00          
1               55                   1               20/05/2023           30.00          
2               55                   1               20/05/2023           30.00          
1               55                   1               20/05/2023           30.00          
3               321                  1               30/05/2023           500.00         
1               123                  2               15/03/2023           100.00         
3               123                  4               23/05/2023           200.00         
2               55                   2               26/02/2023           60.00          
1               55                   1               30/06/2023           30.00          
1               55                   1               21/05/2023           30.00          
3               55                   1               22/05/2023           30.00          
2               55                   2               23/05/2023           60.00          
1               432                  1               21/05/2023           60.00          
2               432                  2               22/05/2023           60.00          
1               321                  3               22/05/2023           1500.00        
3               321                  2               21/05/2023           1000.00        
2               321                  5               22/05/2023           2500.00        
1               123                  2               20/06/2023           100.00         
1               75                   1               22/05/2023           30.00          
1               123                  2               26/05/2023           100.00         
4               55                   3               26/05/2023           90.00          
2               55                   1               26/05/2023           30.00          
